INM00042027  34.0833   74.8333 1585.0    SRINAGAR                       1962 2023  25295
INM00042056  32.6667   74.8333  318.0    JAMMU                          2015 2023   2098
INM00042071  31.6333   74.8667  229.0    AMRITSAR                       1957 2022   2901
INM00042079  31.5333   76.9000  874.0    SUNDERNAGAR                    2016 2023   1948
INM00042101  30.3333   76.4667  251.0    PATIALA                        1975 2022  24001
INM00042103  30.3833   76.7667  273.0    AMBALA                         1928 2021  19567
INM00042111  30.3167   78.0333  683.0    DEHRADUN                       1973 2023  12742
INM00042123  29.9167   73.8833  172.0    GANGANAGAR                     2015 2023   3539
INM00042165  28.0000   73.3000  223.0    BIKANER                        1973 2023  18431
INM00042170  28.2500   74.9167  290.0    CHURU                          2015 2023   3034
INM00042182  28.5833   77.2000  211.0    NEW DELHI/SAFDARJUNG           1930 2023  70157
INM00042189  28.3667   79.4000  167.0    BAREILLY                       1973 2023   7004
INM00042260  27.1500   77.9667  168.0    AGRA                           1926 2019   7833
INM00042273  27.5667   81.6000  123.0    BAHRAICH                       1973 2019   9788
INM00042299  27.3333   88.6167 1756.0    GANGTOK                        2016 2023   1905
INM00042314  27.4833   95.0167  110.0    DIBRUGARH /MOHANBARI           1945 2022  32827
INM00042328  26.9000   70.9167  231.0    JAISALMER                      2015 2023   3975
INM00042339  26.3000   73.0167  217.0    JODHPUR                        1935 2023  65777
INM00042348  26.8167   75.8000  383.0    JAIPUR / SANGANER              1973 2023  21331
INM00042361  26.2333   78.2500  205.0    GWALIOR                        1938 2023  44704
INM00042369  26.7500   80.8833  122.0    LUCKNOW/AMAUSI                 1967 2023  49497
INM00042379  26.7500   83.3667   78.3    GORAKHPUR                      1973 2023  33447
INM00042382  26.9830   84.8500   79.0    RAXAUL                         1973 1978   1140
INM00042397  26.6667   88.3667  123.0    SILIGURI                       1973 2015  19334
INM00042399  26.5333   88.7167   83.0    JALPAIGURI                     2015 2020   1808
INM00042410  26.1000   91.5833   54.0    GUWAHATI                       1956 2023  55106
INM00042416  26.7170   92.8000   75.0    TEZPUR/BINDUKURI               1973 1975    424
INM00042435  25.7500   71.3833  193.0    BARMER                         2015 2023   3480
INM00042452  25.1500   75.8500  273.0    KOTA AERODROME                 2015 2022   2054
INM00042475  25.4500   81.7330   98.0    ALLAHABAD/BAMHRAULI            1930 2008  22123
INM00042492  25.6000   85.1667   51.0    PATNA                          1928 2023  21903
INM00042498  25.2333   86.9500   44.0    BHAGALPUR                      1973 2023   6731
INM00042516  25.5667   91.8833 1598.0    SHILLONG                       1953 2019    373
INM00042539  24.2000   72.2000  135.0    DEESA                          1973 2022   3156
INM00042542  24.6167   73.8833  509.0    UDAIPUR DABOK                  1976 2022  11084
INM00042543  24.5830   73.7000  582.0    UDAIPUR                        1973 1975   1174
INM00042591  24.7500   84.9500  116.0    GAYA                           1938 2023  24883
INM00042623  24.7667   93.9000  781.0    IMPHAL/TULIHAL                 1973 2023  19970
INM00042634  23.2500   69.8000   78.0    BHUJ-RUDRAMATA                 1973 2022  13022
INM00042647  23.0667   72.6333   55.0    AHMADABAD                      1928 2023  61479
INM00042667  23.2833   77.3500  522.0    BHOPAL/BAIRAGHAR               1973 2023  36255
INM00042675  23.2000   79.9500  397.0    JABALPUR                       1928 2023  20531
INM00042700  23.3670   85.3330  612.0    USAF-DS3-276                   1973 1993   4605
INM00042701  23.3167   85.3167  646.0    M.O. RANCHI                    1929 2022  12425
INM00042704  23.4670   87.4330   72.0    USAF-DS3-277                   1973 1990   2919
INM00042706  23.3833   87.0833  100.0    BANKURA                        2015 2023   1430
INM00042724  23.8833   91.2500   16.0    AGARTALA                       1973 2023  38387
INM00042726  23.8333   92.6167  429.0    LENGPUI                        2019 2019    102
INM00042734  22.4500   70.0830   20.0    JAMNAGAR                       1973 1975    895
INM00042779  22.7670   81.9000  625.0    PENDRA ROAD                    1981 1993   5308
INM00042798  22.8167   86.1833  142.0    JAMSHEDPUR                     1941 2023   7780
INM00042809  22.6500   88.4500    6.0    KOLKATA/DUM DUM                1938 2023  68250
INM00042840  21.2000   72.8333   10.0    SURAT                          1973 2018   2287
INM00042867  21.1000   79.0500  310.0    NAGPUR SONEGAON                1946 2023  62921
INM00042874  21.2333   81.6500  296.0    PBO RAIPUR                     1973 2023  19864
INM00042886  21.9167   84.0833  228.0    JHARSIGUDA                     1973 2023   9435
INM00042895  21.5167   86.9333   18.8    BALASORE                       1979 2019   1407
INM00042909  20.9000   70.3670    6.0    VERAVAL                        1941 2008  17106
INM00042970  20.4800   85.8700   26.0    CUTTACK                        1945 1946    318
INM00042971  20.2500   85.8333   45.0    BHUBANESHWAR                   1971 2023  49173
INM00043003  19.1167   72.8500   14.2    BOMBAY / SANTACRUZ             1938 2023  65103
INM00043014  19.8500   75.4000  585.0    AURANGABAD CHIKALTHANA AERODRO 1973 2023  34941
INM00043041  19.0833   82.0333  554.0    JAGDALPUR                      1973 2022  26970
INM00043049  19.2667   84.8833   16.4    GOPALPUR                       1973 2023  10186
INM00043063  18.5333   73.8500  555.0    PUNE                           1926 2023  25326
INM00043086  18.7667   79.4333  156.0    RAMGUNDAM                      2019 2020    193
INM00043110  16.9833   73.3333   90.5    RATNAGIRI                      1973 2023   3984
INM00043128  17.4500   78.4667  530.0    HYDERABAD AIRPORT              1929 2023  52907
INM00043150  17.6833   83.3000   69.9    VISHAKHAPATNAM/WALTAIR         1938 2023  60424
INM00043181  16.5330   80.8000   24.0    VIJAYAWADA/GANNAVA             1973 1982   8012
INM00043185  16.2000   81.1500    3.0    MACHILIPATNAM/FRANCHPET        1983 2022  33720
INM00043192  15.4833   73.8167   58.4    GOA/PANJIM                     1954 2021  25055
INM00043194  15.3830   73.8170   52.0    GOA/DABOLIM AIRPORT            1956 1975   1902
INM00043201  15.4167   75.6333  670.0    GADAG                          1973 2020  13544
INM00043237  14.6833   77.6167  349.0    ANANTAPUR                      1973 2010  10993
INM00043243  14.9167   80.0000   17.0    KAVALI                         2019 2020    198
INM00043279  13.0000   80.1833   13.7    CHENNAI/MINAMBAKKAM            1926 2023  70810
INM00043284  12.9170   74.8830  102.0    MANGALORE/BAJPE                1973 1978   2209
INM00043285  12.9500   74.8333   30.8    MANGALORE/PANAMBUR             1973 2023  28752
INM00043295  12.9667   77.5833  917.0    BANGALORE                      1926 2023  52067
INM00043311  11.1167   72.7333    2.7    AMINIDIVI                      1973 2020  26612
INM00043333  11.6667   92.7167   79.0    PORT BLAIR                     1926 2023  51620
INM00043344  10.7667   78.7167   88.0    TIRUCHCHIRAPALLI               1938 2015  12933
INM00043346  10.9167   79.8333    6.9    KARAIKAL                       1973 2023  42812
INM00043353   9.9333   76.2333    1.0    COCHIN (IN-NAVY)               1967 2021  17106
INM00043368   9.1500   92.8100   10.0    USAF-DS3-279                   1940 1990   1627
INM00043369   8.3000   73.1500    0.9    MINICOY                        1965 2021  40887
INM00043371   8.4833   76.9500   59.9    THIRUVANANTHAPURAM             1928 2023  58666
INXUAC03369  22.7700   88.3700    0.0    BARAKPUR                       1944 1946    388
INXUAE05431  23.2800   69.6700   81.0    BHUJ                           1938 1942   1679
INXUAE05449  25.0500   73.8800  538.0    KANKROLI/RAJSAMAND             1938 1942   1612
INXUAE05454  20.5700   74.5300  431.0    MALEGAON                       1933 1942   2563
INXUAE05455   8.2800   73.0500    0.0    MALIKU                         1941 1942    574
INXUAE05457  12.9800   74.8800   95.0    MANGALORE/MANGALURU            1928 1942   3322
INXUAE05462  28.6300   77.2000  216.0    NEW DEHLI                      1938 1942   2068
INXUAE05466  21.4700   83.9800  153.0    SAMBALPUR                      1930 1942   4315
INXUAE05469  26.6700   92.8200   69.0    TEZPUR                         1928 1942   4754
INXUAE05473  15.8500   73.6300    5.0    VENGURLA                       1941 1942    121
INXUAE05784  26.4500   74.7300  490.0    AJMER                          1928 1934   3098
INXUAE05786  22.5300   88.4000   10.0    ALIPORE                        1929 1935   3679
INXUAE05794  15.1500   76.9500  470.0    BELLARY                        1933 1935    989
INXUAE05796  18.9000   72.8200   40.0    COLABA                         1933 1935    973
INXUAE05798  27.0500   88.3000 2270.0    DARJEELING                     1933 1933    116
INXUAE05800  22.1800   88.1800   10.0    DIAMOND HARBOUR                1926 1929   1268
INXUAE05822  25.7700   87.5200   40.0    PURNEA                         1933 1933    179
INXUAE05832  31.0800   77.1800 2130.0    SHIMLA                         1926 1928    728
INXUAE05834  24.8300   92.8500   40.0    SILCHAR                        1933 1935   1477
INXUAE05840  17.6800   83.3500   20.0    WALTAIR                        1928 1935   3498

